
$orca_hessian_file

$act_atom
  0

$act_coord
  0

$act_energy
        0.000000

$hessian
12
                    0                  1                  2                  3                  4        
    0      1.1277434509E+00  -9.0244066598E-05   5.4369193554E-14  -8.7019895563E-01   1.5837850605E-04
    1     -9.0244066598E-05   6.9607548475E-01   3.7336630528E-15   1.5854825904E-04  -1.1461712362E-01
    2      5.4369193554E-14   3.7336630528E-15   2.0929530385E-01  -3.3029277191E-14   3.7565138191E-16
    3     -8.7019895563E-01   1.5854825904E-04  -3.3029277191E-14   9.5243512967E-01  -1.8335892114E-04
    4      1.5837850605E-04  -1.1461712362E-01   3.7565138191E-16  -1.8335892114E-04   8.1988251278E-02
    5     -6.7080012733E-14  -1.9391833192E-15  -6.6893070641E-02   4.0026049530E-14   4.8282350910E-16
    6     -1.2872749986E-01   1.0420598815E-01  -1.0378126035E-14  -4.1108768582E-02   4.3844973880E-02
    7      1.0804121067E-01  -2.9076984290E-01   7.3436072578E-15   7.9982157502E-03   1.6297728818E-02
    8     -5.3178768491E-12  -1.5876610523E-15  -7.1198295052E-02   3.0867279306E-12  -4.9586852475E-16
    9     -1.2881522472E-01  -1.0427428757E-01  -1.0961555908E-14  -4.1131562494E-02  -4.3819990796E-02
   10     -1.0810814493E-01  -2.9068193313E-01  -1.1456552757E-14  -7.9741413565E-03   1.6320758293E-02
   11      5.5006691444E-12  -1.1751456331E-15  -7.1198701510E-02  -3.1922111343E-12   1.2731042502E-16
                    5                  6                  7                  8                  9        
    0     -6.7080012733E-14  -1.2872749986E-01   1.0804121067E-01  -5.3178768491E-12  -1.2881522472E-01
    1     -1.9391833192E-15   1.0420598815E-01  -2.9076984290E-01  -1.5876610523E-15  -1.0427428757E-01
    2     -6.6893070641E-02  -1.0378126035E-14   7.3436072578E-15  -7.1198295052E-02  -1.0961555908E-14
    3      4.0026049530E-14  -4.1108768582E-02   7.9982157502E-03   3.0867279306E-12  -4.1131562494E-02
    4      4.8282350910E-16   4.3844973880E-02   1.6297728818E-02  -4.9586852475E-16  -4.3819990796E-02
    5      2.1381510234E-02   1.4935052768E-14  -1.1156996981E-14   2.2754950224E-02   1.2118453458E-14
    6      1.4935052768E-14   1.5945346757E-01  -1.3203820657E-01   1.1142552165E-12   1.0383996222E-02
    7     -1.1156996981E-14  -1.3203820657E-01   2.9414237731E-01  -9.6297863108E-13   1.6000768514E-02
    8      2.2754950224E-02   1.1142552165E-12  -9.6297863108E-13   2.4222808873E-02   1.1168848865E-12
    9      1.2118453458E-14   1.0383996222E-02   1.6000768514E-02   1.1168848865E-12   1.5956398193E-01
   10      1.2619801028E-14  -1.6013374415E-02  -1.9668114427E-02   9.6506684181E-13   1.3209366490E-01
   11      2.2755258408E-02  -1.1547513155E-12   1.0003193856E-12   2.4218594604E-02  -1.1536976566E-12
                   10                 11        
     0     -1.0810814493E-01   5.5006691444E-12
     1     -2.9068193313E-01  -1.1751456331E-15
     2     -1.1456552757E-14  -7.1198701510E-02
     3     -7.9741413565E-03  -3.1922111343E-12
     4      1.6320758293E-02   1.2731042502E-16
     5      1.2619801028E-14   2.2755258408E-02
     6     -1.6013374415E-02  -1.1547513155E-12
     7     -1.9668114427E-02   1.0003193856E-12
     8      9.6506684181E-13   2.4218594604E-02
     9      1.3209366490E-01  -1.1536976566E-12
    10      2.9403094059E-01  -9.9927904472E-13
    11     -9.9927904472E-13   2.4222904980E-02

$vibrational_frequencies
12
    0        0.000000
    1        0.000000
    2        0.000000
    3        0.000000
    4        0.000000
    5        0.000000
    6     1328.998662
    7     1373.574108
    8     1673.568894
    9     1909.805705
   10     3207.646858
   11     3299.404048

$normal_modes
12 12
                    0                  1                  2                  3                  4        
    0      0.0000000000E+00   0.0000000000E+00   0.0000000000E+00   0.0000000000E+00   0.0000000000E+00
    1      0.0000000000E+00   0.0000000000E+00   0.0000000000E+00   0.0000000000E+00   0.0000000000E+00
    2      0.0000000000E+00   0.0000000000E+00   0.0000000000E+00   0.0000000000E+00   0.0000000000E+00
    3      0.0000000000E+00   0.0000000000E+00   0.0000000000E+00   0.0000000000E+00   0.0000000000E+00
    4      0.0000000000E+00   0.0000000000E+00   0.0000000000E+00   0.0000000000E+00   0.0000000000E+00
    5      0.0000000000E+00   0.0000000000E+00   0.0000000000E+00   0.0000000000E+00   0.0000000000E+00
    6      0.0000000000E+00   0.0000000000E+00   0.0000000000E+00   0.0000000000E+00   0.0000000000E+00
    7      0.0000000000E+00   0.0000000000E+00   0.0000000000E+00   0.0000000000E+00   0.0000000000E+00
    8      0.0000000000E+00   0.0000000000E+00   0.0000000000E+00   0.0000000000E+00   0.0000000000E+00
    9      0.0000000000E+00   0.0000000000E+00   0.0000000000E+00   0.0000000000E+00   0.0000000000E+00
   10      0.0000000000E+00   0.0000000000E+00   0.0000000000E+00   0.0000000000E+00   0.0000000000E+00
   11      0.0000000000E+00   0.0000000000E+00   0.0000000000E+00   0.0000000000E+00   0.0000000000E+00
                    5                  6                  7                  8                  9        
    0      0.0000000000E+00   9.8409622425E-14  -3.0103445106E-05   3.9456788874E-02  -4.5912138784E-01
    1      0.0000000000E+00   1.2260396328E-14  -1.4635351741E-01  -7.5490586143E-06   9.6564013651E-05
    2      0.0000000000E+00   1.7181859307E-01   1.5063580601E-14   1.1792547230E-14   1.1756584117E-13
    3      0.0000000000E+00  -5.2569655667E-14   1.5283430585E-05  -1.0767654771E-01   3.0284926064E-01
    4      0.0000000000E+00  -6.8895303412E-15   7.7341383018E-02   2.2284487654E-05  -6.4060548630E-05
    5      0.0000000000E+00  -4.1198566994E-02  -3.6119374635E-15  -2.8911326405E-15  -2.7417525469E-14
    6      0.0000000000E+00  -2.2939857836E-13   6.4809847634E-01   6.1961450165E-01   3.3022515793E-01
    7      0.0000000000E+00  -4.6739004235E-14   2.5743846642E-01   3.3090044276E-01   4.8959148687E-01
    8      0.0000000000E+00  -6.9598371614E-01  -5.7231210811E-14  -4.7263890240E-14  -4.8235152126E-13
    9      0.0000000000E+00  -1.0802935232E-13  -6.4798259891E-01   6.1948522379E-01   3.3001701331E-01
   10      0.0000000000E+00   1.0098411691E-14   2.5770391877E-01  -3.3116422840E-01  -4.8972457065E-01
   11      0.0000000000E+00  -6.9597968075E-01  -6.4804194079E-14  -4.7263576307E-14  -4.8234878281E-13
                   10                 11        
     0      6.3729942950E-02   1.8946510147E-05
     1     -1.0541938860E-05   1.0000904268E-01
     2     -2.0544025687E-14   1.1587142614E-15
     3     -3.1385804656E-03   2.3297087950E-07
     4      6.6684426699E-07   2.5037603428E-04
     5      4.8174675398E-15  -2.7783250217E-16
     6     -3.5436775451E-01   3.7154874584E-01
     7      6.1021361098E-01  -5.9747751350E-01
     8      8.4078912447E-14  -7.3096567011E-15
     9     -3.5464220850E-01  -3.7177803611E-01
    10     -6.1009867322E-01  -5.9728667365E-01
    11      8.4078576051E-14  -2.0775520734E-15

#
# The atoms: label  mass x y z (in bohrs)
#
$atoms
4
 C     12.00000      1.016392432144    -0.000194551591     0.000000000000
 O     15.99491     -1.270399463109     0.000291531042    -0.000000000000
 H      1.00783      2.090211561253    -1.739196365884    -0.000000000000
 H      1.00783      2.090936581999     1.738360686251    -0.000000000000

$actual_temperature
  0.000000

$frequency_scale_factor
  1.000000

$dipole_derivatives
12
    9.5696824794E-01   -1.4837918510E-05    7.1427538797E-17
    3.6814200667E-05    8.7423080302E-01    2.6045965497E-14
    3.1040681693E-12    1.1283810248E-14    2.1543479382E-01
   -9.3648945436E-01    7.7886481254E-05   -3.7796742204E-16
    4.5801420255E-05   -5.5887893715E-01   -6.9867042516E-15
   -3.8354444624E-12   -1.2766530960E-14   -4.2509647468E-01
   -1.0172582905E-02    7.4154121687E-02    2.5529183667E-15
    7.0888399930E-02   -1.5763033560E-01   -7.7360420012E-15
   -3.0912454642E-10    4.7309883154E-14    1.0484746035E-01
   -1.0234428865E-02   -7.4217098566E-02   -2.2505157900E-15
   -7.0952180645E-02   -1.5757026868E-01   -1.1304884125E-14
    3.1966445877E-10   -7.1478059608E-14    1.0484663267E-01

#
# The IR spectrum
#  wavenumber T**2 TX TY  TY
#
$ir_spectrum
12
      0.00       0.0000       0.0000       0.0000       0.0000
      0.00       0.0000       0.0000       0.0000       0.0000
      0.00       0.0000       0.0000       0.0000       0.0000
      0.00       0.0000       0.0000       0.0000       0.0000
      0.00       0.0000       0.0000       0.0000       0.0000
      0.00       0.0000       0.0000       0.0000       0.0000
   1329.00       6.0001      -0.0000       0.0000      -2.4495
   1373.57      17.8466      -0.0011      -4.2245      -0.0000
   1673.57      24.3150       4.9310      -0.0010      -0.0000
   1909.81      90.4362      -9.5098       0.0020      -0.0000
   3207.65      23.0348       4.7995      -0.0007       0.0000
   3299.40      95.4013       0.0021       9.7674       0.0000


$end

