
$orca_hessian_file

$act_atom
  0

$act_coord
  0

$act_energy
        0.000000

$hessian
12
                    0                  1                  2                  3                  4        
    0      8.5948107001E-01   2.2296012687E-06   4.9323121727E-14  -6.2738876547E-01   5.4486675787E-06
    1      2.2296012687E-06   6.6881049589E-01  -3.6827603476E-15   2.2450593352E-06  -6.6470478730E-02
    2      4.9323121727E-14  -3.6827603476E-15   1.8641975445E-01  -3.7610777115E-14   1.4404943374E-15
    3     -6.2738876547E-01   2.2450593352E-06  -3.7610777115E-14   6.9068684883E-01  -5.6282355709E-06
    4      5.4486675787E-06  -6.6470478730E-02   1.4404943374E-15  -5.6282355709E-06   5.2970692768E-02
    5     -3.9078995888E-14   1.9064847254E-15  -5.4815398926E-02   3.0022406199E-14  -7.2139168473E-16
    6     -1.1604709411E-01  -1.1949716458E-01  -5.9112444637E-15  -3.1649513035E-02  -3.0682572398E-02
    7     -1.1903963291E-01  -3.0116113446E-01  -2.6608558804E-15  -2.9212249845E-03   6.7370095267E-03
    8     -1.0183805560E-13  -3.7114990396E-14  -6.5800486241E-02   7.6466380390E-14   1.3533866449E-14
    9     -1.1604341454E-01   1.1949268785E-01  -5.8010474393E-15  -3.1649000980E-02   3.0682753582E-02
   10      1.1903677623E-01  -3.0116105859E-01   4.9033579259E-15   2.9218174344E-03   6.7374673692E-03
   11     -1.2934928221E-13  -1.1106203496E-14  -6.5800487254E-02   9.4324171101E-14   4.1063840650E-15
                    5                  6                  7                  8                  9        
    0     -3.9078995888E-14  -1.1604709411E-01  -1.1903963291E-01  -1.0183805560E-13  -1.1604341454E-01
    1      1.9064847254E-15  -1.1949716458E-01  -3.0116113446E-01  -3.7114990396E-14   1.1949268785E-01
    2     -5.4815398926E-02  -5.9112444637E-15  -2.6608558804E-15  -6.5800486241E-02  -5.8010474393E-15
    3      3.0022406199E-14  -3.1649513035E-02  -2.9212249845E-03   7.6466380390E-14  -3.1649000980E-02
    4     -7.2139168473E-16  -3.0682572398E-02   6.7370095267E-03   1.3533866449E-14   3.0682753582E-02
    5      1.6125825565E-02   4.5114612299E-15   2.4004010562E-15   1.9339308861E-02   4.5450853654E-15
    6      4.5114612299E-15   1.3427149246E-01   1.3607008486E-01   1.2444187042E-14   1.3424431981E-02
    7      2.4004010562E-15   1.3607008486E-01   3.0321075729E-01   2.9969952542E-14  -1.4110277021E-02
    8      1.9339308861E-02   1.2444187042E-14   2.9969952542E-14   2.3230022247E-02   1.2929559021E-14
    9      4.5450853654E-15   1.3424431981E-02  -1.4110277021E-02   1.2929559021E-14   1.3426730100E-01
   10     -3.5856921590E-15   1.4109935017E-02  -8.7852503149E-03  -6.3880287691E-15  -1.3606747818E-01
   11      1.9339309941E-02   1.7560044529E-14   5.5197630732E-15   2.3234941423E-02   1.7462986107E-14
                   10                 11        
     0      1.1903677623E-01  -1.2934928221E-13
     1     -3.0116105859E-01  -1.1106203496E-14
     2      4.9033579259E-15  -6.5800487254E-02
     3      2.9218174344E-03   9.4324171101E-14
     4      6.7374673692E-03   4.1063840650E-15
     5     -3.5856921590E-15   1.9339309941E-02
     6      1.4109935017E-02   1.7560044529E-14
     7     -8.7852503149E-03   5.5197630732E-15
     8     -6.3880287691E-15   2.3234941423E-02
     9     -1.3606747818E-01   1.7462986107E-14
    10      3.0321494444E-01   1.4792185582E-15
    11      1.4792185582E-15   2.3230022133E-02

$vibrational_frequencies
12
    0        0.000000
    1        0.000000
    2        0.000000
    3        0.000000
    4        0.000000
    5        0.000000
    6     1111.208901
    7     1286.563421
    8     1475.219240
    9     1635.114734
   10     3199.394225
   11     3348.591746

$normal_modes
12 12
                    0                  1                  2                  3                  4        
    0      0.0000000000E+00   0.0000000000E+00   0.0000000000E+00   0.0000000000E+00   0.0000000000E+00
    1      0.0000000000E+00   0.0000000000E+00   0.0000000000E+00   0.0000000000E+00   0.0000000000E+00
    2      0.0000000000E+00   0.0000000000E+00   0.0000000000E+00   0.0000000000E+00   0.0000000000E+00
    3      0.0000000000E+00   0.0000000000E+00   0.0000000000E+00   0.0000000000E+00   0.0000000000E+00
    4      0.0000000000E+00   0.0000000000E+00   0.0000000000E+00   0.0000000000E+00   0.0000000000E+00
    5      0.0000000000E+00   0.0000000000E+00   0.0000000000E+00   0.0000000000E+00   0.0000000000E+00
    6      0.0000000000E+00   0.0000000000E+00   0.0000000000E+00   0.0000000000E+00   0.0000000000E+00
    7      0.0000000000E+00   0.0000000000E+00   0.0000000000E+00   0.0000000000E+00   0.0000000000E+00
    8      0.0000000000E+00   0.0000000000E+00   0.0000000000E+00   0.0000000000E+00   0.0000000000E+00
    9      0.0000000000E+00   0.0000000000E+00   0.0000000000E+00   0.0000000000E+00   0.0000000000E+00
   10      0.0000000000E+00   0.0000000000E+00   0.0000000000E+00   0.0000000000E+00   0.0000000000E+00
   11      0.0000000000E+00   0.0000000000E+00   0.0000000000E+00   0.0000000000E+00   0.0000000000E+00
                    5                  6                  7                  8                  9        
    0      0.0000000000E+00  -7.0888369447E-07  -3.2598851946E-13   7.4046802725E-02  -3.7816086077E-01
    1      0.0000000000E+00  -1.3977955708E-01   6.6089305541E-14  -3.6763418806E-07   2.7500469274E-06
    2      0.0000000000E+00   8.1863006827E-14   1.6577873800E-01   6.6842161226E-14  -3.2009329881E-13
    3      0.0000000000E+00   2.6136588090E-07   2.2915465454E-13  -1.3510165853E-01   2.2907457441E-01
    4      0.0000000000E+00   7.6098526246E-02  -3.8224279541E-14   9.1925617715E-07  -1.6602722182E-06
    5      0.0000000000E+00  -1.8052995107E-14  -3.6558671387E-02  -1.4718325058E-14   7.0466971990E-14
    6      0.0000000000E+00  -6.5970702364E-01   4.6691810706E-13   6.3124816249E-01   4.3355392138E-01
    7      0.0000000000E+00   2.2830042026E-01  -2.4379927258E-13  -2.9943209592E-01  -4.6291430356E-01
    8      0.0000000000E+00  -3.4344665517E-13  -6.9684320545E-01  -2.8114383713E-13   1.3464670678E-12
    9      0.0000000000E+00   6.5971131613E-01  -2.2227931408E-13   6.3125060438E-01   4.3356293128E-01
   10      0.0000000000E+00   2.2829198444E-01   6.3532288697E-14   2.9942188402E-01   4.6290790895E-01
   11      0.0000000000E+00  -3.4476800947E-13  -6.9684318221E-01  -2.8114382585E-13   1.3464670214E-12
                   10                 11        
     0     -6.0050738497E-02   1.3265539338E-06
     1      1.1369411487E-06   1.0218278018E-01
     2     -1.6835171726E-14   5.5432135041E-15
     3      2.2846022607E-03  -5.0554257131E-08
     4      5.2736328165E-08   8.6759682319E-04
     5      3.6925365228E-15  -1.2224275175E-15
     6      3.3937935916E-01  -3.4100886185E-01
     7      6.1887653954E-01  -6.1522363853E-01
     8      7.0925133545E-14  -2.3799676946E-14
     9      3.3937620058E-01   3.4099386913E-01
    10     -6.1889091387E-01  -6.1521861046E-01
    11      7.0925137811E-14  -2.2801604800E-14

#
# The atoms: label  mass x y z (in bohrs)
#
$atoms
4
 C     12.00000      1.072272139934    -0.000005110835    -0.000000000000
 O     15.99491     -1.263946354786     0.000012828523     0.000000000000
 H      1.00783      2.044888990380     1.801886458196     0.000000000000
 H      1.00783      2.044861217628    -1.801911676826     0.000000000000

$actual_temperature
  0.000000

$frequency_scale_factor
  1.000000

$dipole_derivatives
12
    5.3105117436E-02    6.9545153265E-07   -1.7859489576E-16
    8.9040122761E-05    1.3792565821E-01    4.7560001141E-16
    5.9099523550E-13   -1.6618771539E-15    1.4311545771E-01
   -5.7694450223E-01   -2.4080464944E-07   -8.1605760313E-17
    2.4944942106E-05   -6.0308475417E-01   -3.4672239007E-16
   -4.6293896238E-13    6.2779491713E-16   -4.8653936279E-01
    2.6207331068E-01    1.0843846713E-01    5.3429229145E-16
    1.1330613047E-01    2.3273903935E-01    2.1163995182E-16
   -1.9600236660E-12    9.0960030066E-15    1.7169554201E-01
    2.6206987396E-01   -1.0843892003E-01   -2.7434815604E-16
   -1.1330657624E-01    2.3274244965E-01   -3.4367719771E-16
   -1.2212538680E-12   -1.3145285492E-15    1.7169553758E-01

#
# The IR spectrum
#  wavenumber T**2 TX TY  TY
#
$ir_spectrum
12
      0.00       0.0000       0.0000       0.0000       0.0000
      0.00       0.0000       0.0000       0.0000       0.0000
      0.00       0.0000       0.0000       0.0000       0.0000
      0.00       0.0000       0.0000       0.0000       0.0000
      0.00       0.0000       0.0000       0.0000       0.0000
      0.00       0.0000       0.0000       0.0000       0.0000
   1111.21       7.7434      -0.0003      -2.7827      -0.0000
   1286.56      28.6730       0.0000       0.0000      -5.3547
   1475.22      86.4330       9.2969      -0.0001      -0.0000
   1635.11       0.2589      -0.5088      -0.0000       0.0000
   3199.39      91.5377       9.5675      -0.0002       0.0000
   3348.59     104.4202       0.0001     -10.2186      -0.0000


$end

